33330000333333333333
30030000000003000003
30030000000000000003
30030000003000003003
00000000333333333333
00000000000000000000
33300000000000000000
30000000000000000000
30000000000000000000
33300000000000000000
00000000000000000000
00000000000000000000
00000000000000003333
00000000000000003003
00000000000000003003
00000000000000000003
33300000000000333003
30000000000000300003
30000000000000300003
33300000000000333333
33330000333333333333
30030000000003000003
30030000000000000003
30030000003000003003
00000000333333333333
00000000000000000000
33300000000000000000
30000000000000000000
30000000000000000000
33300000000000000000
00000000000000000000
00000000000000000000
00000000000000003333
00000000000000003003
00000000000000003003
00000000000000000003
33300000000000333003
30000000000000300003
30000000000000300003
33300000000000333333
33330000333333333333
30030000000003000003
30030000000000000003
30030000003000003003
00000000333333333333
00000000000000000000
33300000000000000000
30000000000000000000
30000000000000000000
33300000000000000000
00000000000000000000
00000000000000000000
00000000000000003333
00000000000000003003
00000000000000003003
00000000000000000003
33300000000000333003
30000000000000300003
30000000000000300003
33300000000000333333