11110000111111111111
11110000111111111111
11110000111111111111
11110000111111111111
00000000111111111111
00000000000000000000
11100000000000000000
11100000000000000000
11100000000000000000
11100000000000000000
00000000000000000000
00000000000000000000
00000000000000001111
00000000000000001111
00000000000000001111
00000000000000001111
11100000000000111111
11100000000000111111
11100000000000111111
11100000000000111111
11110000111111111111
11110000111111111111
11110000111111111111
11110000111111111111
00000000111111111111
00000000000000000000
11100000000000000000
11100000000000000000
11100000000000000000
11100000000000000000
00000000000000000000
00000000000000000000
00000000000000001111
00000000000000001111
00000000000000001111
00000000000000001111
11100000000000111111
11100000000000111111
11100000000000111111
11100000000000111111
11110000111111111111
11110000111111111111
11110000111111111111
11110000111111111111
00000000111111111111
00000000000000000000
11100000000000000000
11100000000000000000
11100000000000000000
11100000000000000000
00000000000000000000
00000000000000000000
00000000000000001111
00000000000000001111
00000000000000001111
00000000000000001111
11100000000000111111
11100000000000111111
11100000000000111111
11100000000000111111